1 0.5355113640625 0.5610795453125 0.5213068187500001 0.5383522734375 0.3551136359375 0.59375 0.35795454531250004 0.609375 0.5355113640625 0.5610795453125
0 0.515625 0.49289772656249997 0.5085227265625 0.47301136406250005 0.34943181874999996 0.5198863640625 0.359375 0.5411931812499999 0.515625 0.49289772656249997
0 0.5255681812499999 0.43323863593749995 0.5127840906250001 0.41619318125 0.34375 0.47443181875 0.3480113640625 0.49005681875 0.5255681812499999 0.43323863593749995
0 0.5170454546875 0.3948863640625 0.5127840906250001 0.37215909062499997 0.34232954531250004 0.40198863593749995 0.34375 0.424715909375 0.5170454546875 0.3948863640625
0 0.5284090906250001 0.3238636359375 0.5184659093749999 0.30397727343750003 0.35227272656249997 0.3551136359375 0.35653409062499997 0.37215909062499997 0.5284090906250001 0.3238636359375
0 0.5198863640625 0.2542613640625 0.5085227265625 0.2386363640625 0.36079545468749996 0.28835227343750003 0.36221590937500003 0.31107954531250004 0.5198863640625 0.2542613640625
0 0.5142045453125 0.203125 0.5 0.18465909062500002 0.35795454531250004 0.2301136359375 0.36079545468749996 0.25 0.5142045453125 0.203125
0 0.49857954531250004 0.15340909062500002 0.48863636406250005 0.13778409062500002 0.36221590937500003 0.19318181875 0.3707386359375 0.2116477265625 0.49857954531250004 0.15340909062500002
0 0.48011363593749995 0.1107954546875 0.47301136406250005 0.09375 0.36221590937500003 0.13494318125 0.36221590937500003 0.15909090937499998 0.48011363593749995 0.1107954546875
0 0.47443181875 0.051136364062499995 0.450284090625 0.0355113640625 0.36647727343750003 0.0710227265625 0.3792613640625 0.1079545453125 0.47443181875 0.051136364062499995
1 0.5085227265625 0.7514204546875 0.49857954531250004 0.7301136359375 0.32670454531250004 0.7911931812499999 0.32954545468749996 0.8167613640625 0.5085227265625 0.7514204546875
1 0.5170454546875 0.6875 0.5071022734375 0.6690340906250001 0.32244318125000004 0.7116477265625 0.32528409062499997 0.7357954546875 0.5170454546875 0.6875
0 0.5227272734375 0.6363636359375 0.5170454546875 0.609375 0.35227272656249997 0.65625 0.35795454531250004 0.6789772734375 0.5227272734375 0.6363636359375
2 0.53125 0.8877840906250001 0.5241477265625 0.8607954546875 0.33664772656249997 0.8607954546875 0.33522727343750003 0.90056818125 0.53125 0.8877840906250001