0 0.5 0.02734375 0.059375 0.03984375
0 0.39630681874999996 0.6164772734375 0.403409090625 0.6363636359375 0.5255681812499999 0.6647727265625 0.5340909093749999 0.6477272734375 0.403409090625 0.609375 0.39630681874999996 0.6164772734375
0 0.403409090625 0.5767045453125 0.44460227343750003 0.5980113640625 0.5227272734375 0.6207386359375 0.5355113640625 0.6065340906250001 0.42329545468749996 0.5625 0.403409090625 0.5767045453125
0 0.419034090625 0.515625 0.421875 0.5383522734375 0.515625 0.5667613640625 0.5269886359375 0.5440340906250001 0.421875 0.5142045453125 0.419034090625 0.515625
1 0.38920454531250004 0.47443181875 0.44176136406250005 0.49431818125 0.5184659093749999 0.5184659093749999 0.53125 0.497159090625 0.40198863593749995 0.455965909375 0.38920454531250004 0.47443181875
1 0.390625 0.41761363593749995 0.46022727343750003 0.453125 0.5184659093749999 0.46875 0.5255681812499999 0.45454545468749996 0.40482954531250004 0.39772727343750003 0.390625 0.41761363593749995
1 0.36647727343750003 0.36931818125000004 0.44318181875 0.39346590937500003 0.5127840906250001 0.40767045468749996 0.5184659093749999 0.38920454531250004 0.38494318125000004 0.35369318125000004 0.36647727343750003 0.36931818125000004
1 0.38494318125000004 0.30397727343750003 0.5 0.3480113640625 0.5170454546875 0.328125 0.39630681874999996 0.28835227343750003 0.38494318125000004 0.30397727343750003
1 0.38920454531250004 0.25 0.49857954531250004 0.29119318125000004 0.5056818187500001 0.27414772656249997 0.40482954531250004 0.2386363640625 0.38920454531250004 0.25
1 0.39914772656249997 0.19318181875 0.44602272656249997 0.21306818125000002 0.5056818187500001 0.231534090625 0.5099431812499999 0.2102272734375 0.40482954531250004 0.17755681875 0.39914772656249997 0.19318181875
1 0.39772727343750003 0.1448863640625 0.39346590937500003 0.15767045468750002 0.49005681875 0.18181818125 0.5170454546875 0.18607954531249998 0.5170454546875 0.1633522734375 0.403409090625 0.14346590937499998 0.39772727343750003 0.1448863640625
1 0.41051136406250005 0.10653409062500001 0.4375 0.125 0.49573863593749995 0.1448863640625 0.5028409093749999 0.1335227265625 0.42755681875 0.09232954531250001 0.41051136406250005 0.10653409062500001
1 0.40767045468749996 0.0667613640625 0.44460227343750003 0.0823863640625 0.47869318125 0.09517045468749999 0.5042613640625 0.09943181875 0.5071022734375 0.080965909375 0.471590909375 0.0625 0.40767045468749996 0.0482954546875 0.40767045468749996 0.0667613640625
2 0.38494318125000004 0.7286931812499999 0.39914772656249997 0.7514204546875 0.5028409093749999 0.7201704546875 0.5071022734375 0.6803977265625 0.409090909375 0.7088068187500001 0.38494318125000004 0.7286931812499999