0 0.515625 0.146875 0.121875 0.0296875
2 0.51328125 0.34609375 0.10390625 0.05234375
2 0.50390625 0.27734375 0.08984375 0.04140625
2 0.5203125 0.22109375 0.08359375 0.03515625
2 0.51953125 0.5390625 0.10390625 0.046875
0 0.525 0.48046875 0.1125 0.03984375
2 0.52265625 0.425 0.10234375 0.0453125
2 0.53515625 0.6125 0.10234375 0.05703125
2 0.53828125 0.81640625 0.125 0.0609375
0 0.53984375 0.74765625 0.11953125 0.05859375
0 0.53046875 0.67890625 0.10078125 0.05078125
0 0.54296875 0.90078125 0.13046875 0.05703125
2 0.528125 0.97734375 0.09921875 0.0453125