0 0.853125 0.515625 0.0296875 0.121875
2 0.65390625 0.51328125 0.053125 0.103125
2 0.72265625 0.50390625 0.040625 0.090625
2 0.77890625 0.5203125 0.034375 0.084375
2 0.4609375 0.51953125 0.046875 0.103125
0 0.51953125 0.525 0.040625 0.1125
2 0.575 0.52265625 0.0453125 0.103125
2 0.3875 0.53515625 0.05625 0.103125
2 0.18359375 0.53828125 0.0609375 0.125
0 0.25234375 0.53984375 0.059375 0.11875
0 0.32109375 0.53046875 0.05 0.1
0 0.09921875 0.54296875 0.05625 0.1296875
2 0.02265625 0.528125 0.0453125 0.1