0 0.97265625 0.5 0.040625 0.059375
0 0.390625 0.403409090625 0.38352272656249997 0.39630681874999996 0.3636363640625 0.403409090625 0.33522727343750003 0.5255681812499999 0.35227272656249997 0.5340909093749999 0.390625 0.403409090625
0 0.4375 0.42329545468749996 0.42329545468749996 0.403409090625 0.40198863593749995 0.44460227343750003 0.3792613640625 0.5227272734375 0.39346590937500003 0.5355113640625 0.4375 0.42329545468749996
0 0.48579545468749996 0.421875 0.484375 0.419034090625 0.46164772656249997 0.421875 0.43323863593749995 0.515625 0.455965909375 0.5269886359375 0.48579545468749996 0.421875
1 0.5440340906250001 0.40198863593749995 0.5255681812499999 0.38920454531250004 0.5056818187500001 0.44176136406250005 0.481534090625 0.5184659093749999 0.5028409093749999 0.53125 0.5440340906250001 0.40198863593749995
1 0.6022727265625 0.40482954531250004 0.5823863640625 0.390625 0.546875 0.46022727343750003 0.53125 0.5184659093749999 0.5454545453125 0.5255681812499999 0.6022727265625 0.40482954531250004
1 0.6463068187500001 0.38494318125000004 0.6306818187500001 0.36647727343750003 0.6065340906250001 0.44318181875 0.5923295453125 0.5127840906250001 0.6107954546875 0.5184659093749999 0.6463068187500001 0.38494318125000004
1 0.6960227265625 0.38494318125000004 0.6519886359375 0.5 0.671875 0.5170454546875 0.7116477265625 0.39630681874999996 0.6960227265625 0.38494318125000004
1 0.75 0.38920454531250004 0.7088068187500001 0.49857954531250004 0.7258522734375 0.5056818187500001 0.7613636359375 0.40482954531250004 0.75 0.38920454531250004
1 0.82244318125 0.40482954531250004 0.80681818125 0.39914772656249997 0.7869318187500001 0.44602272656249997 0.7684659093749999 0.5056818187500001 0.7897727265625 0.5099431812499999 0.82244318125 0.40482954531250004
1 0.8366477265625001 0.5170454546875 0.8565340906250001 0.403409090625 0.8551136359375 0.39772727343750003 0.8423295453125 0.39346590937500003 0.81818181875 0.49005681875 0.8139204546875 0.5170454546875 0.8366477265625001 0.5170454546875
1 0.9076704546875 0.42755681875 0.8934659093749999 0.41051136406250005 0.875 0.4375 0.8551136359375 0.49573863593749995 0.8664772734374999 0.5028409093749999 0.9076704546875 0.42755681875
1 0.9190340906250001 0.5071022734375 0.9375 0.471590909375 0.9517045453125 0.40767045468749996 0.9332386359375 0.40767045468749996 0.9176136359375 0.44460227343750003 0.9048295453125 0.47869318125 0.90056818125 0.5042613640625 0.9190340906250001 0.5071022734375
2 0.29119318125000004 0.409090909375 0.27130681874999996 0.38494318125000004 0.2485795453125 0.39914772656249997 0.27982954531250004 0.5028409093749999 0.31960227343750003 0.5071022734375 0.29119318125000004 0.409090909375