0 0.515625 0.146875 0.121875 0.0296875
2 0.51328125 0.34609375 0.103125 0.053125
2 0.50390625 0.27734375 0.090625 0.040625
2 0.5203125 0.22109375 0.084375 0.034375
2 0.51953125 0.5390625 0.103125 0.046875
0 0.525 0.48046875 0.1125 0.040625
2 0.52265625 0.425 0.103125 0.0453125
2 0.53515625 0.6125 0.103125 0.05625
2 0.53828125 0.81640625 0.125 0.0609375
0 0.53984375 0.74765625 0.11875 0.059375
0 0.53046875 0.67890625 0.1 0.05
0 0.54296875 0.90078125 0.13125 0.05625
2 0.528125 0.97734375 0.1 0.0453125